Era,Era
1,Renaissance
2,Modern
